 "RCH_1       " "RCH_2       " "K_RB        " "HK_1        " "VK_CB       " "HK_2        "
     20242.37262435141        -6176.775653175022       -2.2553319679529598E-02    7.3678810040461423E-02   -1.9325591615688363E-05   -2.3460254790436390E-02
    -6176.775653175022         10312.11142634961        2.4097781972352871E-02   -8.9329425210727138E-03    2.1082983318229175E-05    2.5186874131939662E-02
   -2.2553319679529598E-02    2.4097781972352871E-02    3.2289277971507590E-05   -1.3043636096179601E-07   -5.5489911245413449E-12    8.3948450112835465E-08
    7.3678810040461423E-02   -8.9329425210727138E-03   -1.3043636096179601E-07    3.1162192452474911E-07   -6.4854971284493722E-11   -6.6721886992151876E-08
   -1.9325591615688363E-05    2.1082983318229175E-05   -5.5489911245413449E-12   -6.4854971284493722E-11    2.0536618550054786E-13    6.3106434922961354E-11
   -2.3460254790436390E-02    2.5186874131939662E-02    8.3948450112835465E-08   -6.6721886992151876E-08    6.3106434922961354E-11    7.0982326851540206E-08
