"RCH_1       " "RCH_2       " "K_RB        " "HK_1        " "VK_CB       " "HK_2        "
169.6489478534867        -99.83064921362852       -2.3673505872843467E-04    6.0206384287153929E-04   -7.4136103102239470E-08   -3.0052465799349355E-04
-99.83064921362852         140.5910660005349        2.4322508426310844E-04    1.8975956854097411E-05    7.4245263366396240E-08    2.9545519160454047E-04
-2.3673505872843467E-04    2.4322508426310844E-04    1.9451779547285934E-07   -1.1710296919015554E-09    8.0993137716274930E-15    7.5938478856902805E-10
6.0206384287153929E-04    1.8975956854097411E-05   -1.1710296919015554E-09    4.0963549968080603E-09   -1.8862342293175059E-13   -6.2273752692962925E-10
-7.4136103102239470E-08    7.4245263366396240E-08    8.0993137716274930E-15   -1.8862342293175059E-13    1.3554280119080555E-15    2.0270210387274417E-13
-3.0052465799349355E-04    2.9545519160454047E-04    7.5938478856902805E-10   -6.2273752692962925E-10    2.0270210387274417E-13    7.4430091934625276E-10
