" Singular values and vectors of [wt^0.5][X]{b} matrix
"SINGULARVALUE         1" "SINGULARVALUE         2" "SINGULARVALUE         3" "SINGULARVALUE         4" "SINGULARVALUE         5" "SINGULARVALUE         6"
"SINGULARVALUE FOR EACH VECTOR  "           157.5384226512481         14.14272383242013         5.729770603679268         3.377493461664745         3.257916325827895        0.6751563627981390
"RATIO TO LARGEST SINGULARVALUE "           1.000000000000000        0.8977317148673435E-01    0.3637062316133246E-01    0.2143917277337286E-01    0.2068013803235882E-01    0.4285661563926988E-02
"PARAMETER FOR EACH VECTOR ELEMENT "      "SINGULARVECTOR        1" "SINGULARVECTOR        2" "SINGULARVECTOR        3" "SINGULARVECTOR        4" "SINGULARVECTOR        5" "SINGULARVECTOR        6"
RCH_1                                     -0.3224166167386208        0.7103894427057037       -0.6120127828106198       -0.2012006253764731E-01   -0.6679752344072145E-02    0.1280050101035351
RCH_2                                     -0.5285296594571529       -0.6557482444049155       -0.5158971365715695        0.2149168130927177E-01    0.8724894033175607E-02   -0.1547991194091343
K_RB                                       0.3520365650003437E-02   -0.1459819905029620E-01   -0.5041695669054829E-02   -0.1780423864335786       -0.9838020639487121       -0.1354579337837026E-01
HK_1                                       0.7827505315068612       -0.1656921953717513       -0.5991984325752294        0.3813098806758542E-02    0.7265253075965314E-02    0.2723263838184046E-01
VK_CB                                     -0.1374909630860624E-04   -0.1910467493290968E-01   -0.7686809215219475E-03   -0.9827786328204360        0.1787343018781651       -0.4283256401421343E-01
HK_2                                       0.6319126986622493E-01    0.1931555850221194       -0.1502421337264047E-01    0.3957042456309511E-01    0.3744533729759772E-02   -0.9782086773112542

"WITHOUT PRIOR IN THE [wt^0.5][X]{b} MATRIX"
" Singular values and vectors of [wt^0.5][X]{b} matrix
"SINGULARVALUE         1" "SINGULARVALUE         2" "SINGULARVALUE         3" "SINGULARVALUE         4" "SINGULARVALUE         5" "SINGULARVALUE         6"
"SINGULARVALUE FOR EACH VECTOR  "           157.5384222365964         14.14251571326646         5.729754381948362        0.9950219331811846        0.2245469015005653        0.8197891934411436E-01
"RATIO TO LARGEST SINGULARVALUE "           1.000000000000000        0.8977185065384723E-01    0.3637052028706513E-01    0.6316058768741684E-02    0.1425346898316230E-02    0.5203741295631088E-03
"PARAMETER FOR EACH VECTOR ELEMENT "      "SINGULARVECTOR        1" "SINGULARVECTOR        2" "SINGULARVECTOR        3" "SINGULARVECTOR        4" "SINGULARVECTOR        5" "SINGULARVECTOR        6"
RCH_1                                     -0.3224166183228563        0.7104126377749891       -0.6119906778503810        0.9968919958460222E-01   -0.2896297976208497E-02   -0.8296079488096304E-01
RCH_2                                     -0.5285296623516356       -0.6557668550475979       -0.5159208324743494       -0.1179979252306855        0.4475748501763879E-02    0.1025103886004984
K_RB                                       0.3518869710833148E-02   -0.1382782996794165E-01   -0.3416827768168886E-02    0.2153695494593928        0.9692565929156890        0.1180777210885586
HK_1                                       0.7827505355963218       -0.1656989025801764       -0.5992122317517448        0.1489520270141441E-01   -0.7887155066522013E-02   -0.2249666081732959E-01
VK_CB                                     -0.1374307455865737E-04   -0.1806205098382251E-01   -0.5035594572649817E-03    0.6887590501455017       -0.2367516499917967        0.6850059383845423
HK_2                                       0.6319127023946353E-01    0.1931583366746700       -0.1502923411802020E-01   -0.6746433235956936        0.6633012312645811E-01    0.7063480325973940
