 "HK_1        " "K_RB        " "VK_CB       " "HK_2        " "RCH_1       " "RCH_2       "
     1.000000000000000       -0.3786002211883566       -0.5739632248414344       -0.7552143471096252        0.9478877549628514       -0.6279039856854229    
   -0.3786002211883566         1.000000000000000       -0.1064307684245612        0.3135002625796970       -0.2234803937782286        0.2513155817847367    
   -0.5739632248414344       -0.1064307684245612         1.000000000000000        0.8169864988099419       -0.6806302725188664        0.8074558488652669    
   -0.7552143471096252        0.3135002625796970        0.8169864988099419         1.000000000000000       -0.8326685489116522        0.9779105748386084    
    0.9478877549628514       -0.2234803937782286       -0.6806302725188664       -0.8326685489116522         1.000000000000000       -0.7603352104032020    
   -0.6279039856854229        0.2513155817847367        0.8074558488652669        0.9779105748386084       -0.7603352104032020         1.000000000000000    
