 "HK_1        " "K_RB        " "VK_CB       " "HK_2        " "RCH_1       " "RCH_2       "
    3.1535417766118554E-07   -1.3174649856218731E-07   -6.4891654525966159E-11   -6.7041431493833430E-08    7.3752765774018014E-02   -8.8073729932541551E-03
   -1.3174649856218731E-07    3.2295341597838756E-05   -5.4474939245771545E-12    8.3332262211902555E-08   -2.2531807792370663E-02    2.3696401685939086E-02
   -6.4891654525966159E-11   -5.4474939245771545E-12    2.0579003592956923E-13    6.2821907266832508E-11   -1.9088030566067504E-05    2.0878209543522022E-05
   -6.7041431493833430E-08    8.3332262211902555E-08    6.2821907266832508E-11    7.1004691859743918E-08   -2.3304726642360947E-02    2.5077801346910521E-02
    7.3752765774018014E-02   -2.2531807792370663E-02   -1.9088030566067504E-05   -2.3304726642360947E-02     20052.76505534724        -6087.507572399935    
   -8.8073729932541551E-03    2.3696401685939086E-02    2.0878209543522022E-05    2.5077801346910521E-02    -6087.507572399935         10236.12141081298    
