" Singular values and vectors of [wt^0.5][X]{b} matrix
"SINGULARVALUE         1" "SINGULARVALUE         2" "SINGULARVALUE         3" "SINGULARVALUE         4" "SINGULARVALUE         5" "SINGULARVALUE         6"
"SINGULARVALUE FOR EACH VECTOR  "           157.5624314015342         14.14687293983330         5.725614013959985         3.377643796543106         3.259390056645836        0.6765482001268993
"RATIO TO LARGEST SINGULARVALUE "           1.000000000000000        0.8978582530109114E-01    0.3633870055843932E-01    0.2143686008459386E-01    0.2068634018689115E-01    0.4293842092362583E-02
"PARAMETER FOR EACH VECTOR ELEMENT "      "SINGULARVECTOR        1" "SINGULARVECTOR        2" "SINGULARVECTOR        3" "SINGULARVECTOR        4" "SINGULARVECTOR        5" "SINGULARVECTOR        6"
HK_1                                      -0.7827086397146276        0.1661676901225056       -0.5991318976630761        0.3507578216892712E-02    0.5811968602796282E-02    0.2739290408266822E-01
K_RB                                      -0.3526266408019666E-02    0.1464454686258235E-01   -0.2543583837207703E-02   -0.1796292630838905       -0.9835224274163101       -0.1354974120563033E-01
VK_CB                                      0.1471925481182573E-04    0.1907815588722707E-01   -0.6907189969717856E-03   -0.9824884624978855        0.1803168309898075       -0.4286966501953946E-01
HK_2                                      -0.6332852716359694E-01   -0.1934742658163202       -0.1538097937436760E-01    0.3959853649905669E-01    0.3629254608582743E-02   -0.9781305720637355
RCH_1                                      0.3223331286666362       -0.7100434637136144       -0.6123570545450500       -0.2045349291257345E-01   -0.8177093488698604E-02    0.1283482034163856
RCH_2                                      0.5286261461145370        0.6559084143986051       -0.5155737440110465        0.2123808683332363E-01    0.7460556610957079E-02   -0.1549695060789288

"WITHOUT PRIOR IN THE [wt^0.5][X]{b} MATRIX"
" Singular values and vectors of [wt^0.5][X]{b} matrix
"SINGULARVALUE         1" "SINGULARVALUE         2" "SINGULARVALUE         3" "SINGULARVALUE         4" "SINGULARVALUE         5" "SINGULARVALUE         6"
"SINGULARVALUE FOR EACH VECTOR  "           157.5624309851682         14.14666467698972         5.725609678845970        0.9953681118866741        0.2245226728805265        0.8233532840714461E-01
"RATIO TO LARGEST SINGULARVALUE "           1.000000000000000        0.8978450375852212E-01    0.3633867314083862E-01    0.6317293441482704E-02    0.1424975937961134E-02    0.5225568550341488E-03
"PARAMETER FOR EACH VECTOR ELEMENT "      "SINGULARVECTOR        1" "SINGULARVECTOR        2" "SINGULARVECTOR        3" "SINGULARVECTOR        4" "SINGULARVECTOR        5" "SINGULARVECTOR        6"
HK_1                                      -0.7827086438220482        0.1661745818553635       -0.5991382145647353        0.1528889801826125E-01   -0.6925164793882008E-02    0.2246950755114277E-01
K_RB                                      -0.3524767029921160E-02    0.1387147764726713E-01   -0.1721463867874141E-02    0.2150443126272085        0.9692354166883779       -0.1188732321888131
VK_CB                                      0.1471280823724975E-04    0.1803741835527044E-01   -0.4546439341071587E-03    0.6877110881527313       -0.2369745858870893       -0.6859817413728538
HK_2                                      -0.6332852753917952E-01   -0.1934770263470755       -0.1538452456544849E-01   -0.6757045482192586        0.6593201833993402E-01   -0.7052629203020235
RCH_1                                      0.3223331302545618       -0.7100664996772746       -0.6123430751292429        0.1003058829746278       -0.1836239698555622E-02    0.8293512875778755E-01
RCH_2                                      0.5286261490194964        0.6559271669203139       -0.5155865634928669       -0.1180582305150881        0.5233732369784875E-02   -0.1025636586099187
