"HK_1        " "K_RB        " "VK_CB       " "HK_2        " "RCH_1       " "RCH_2       "
4.1010807576365809E-09   -1.0954104968708777E-09   -1.8887246808647394E-13   -6.2465443245890634E-10    6.0334221736871307E-04    1.8408149951672157E-05
-1.0954104968708777E-09    1.9439031034169062E-07    8.1182423931981481E-15    7.5794384944110152E-10   -2.2797484884995260E-04    2.4781114632425508E-04
-1.8887246808647394E-13    8.1182423931981481E-15    1.3545200848031750E-15    2.0232415828749155E-13   -7.4029223694648791E-08    7.4045437614081267E-08
-6.2465443245890634E-10    7.5794384944110152E-10    2.0232415828749155E-13    7.4389885175936377E-10   -3.0047395454196781E-04    2.9506576580041978E-04
6.0334221736871307E-04   -2.2797484884995260E-04   -7.4029223694648791E-08   -3.0047395454196781E-04     169.7316321949830        -99.69039534523957
1.8408149951672157E-05    2.4781114632425508E-04    7.4045437614081267E-08    2.9506576580041978E-04    -99.69039534523957         140.3352725686865
